# 0-1 Hora		2-3 Minutos		4-7 Segundos	17-31 Destino		32-41 Origen	59-63 Codigo de cuenta
# 11-13 tipo??	
#
01234  7   1 1   1             33        4                 5   6
#          1 3   7             12        1                 9   3
145900139                   1833 926592296                        1068   0   602 1      000         
145900119                   1180 924307747                        1032   0   602 1      000         
150000019                   1176 923396917                        1058   0   602 1      000         
150000067   9 632        6663266      1033                        1   0234       1      000         
150000117   9 632        6906000      1607                        1   0194       1      000         
150003699                   1520 928861600                        1063   0   602 1      000         
150000029                   1176 926535240                        1085   0   602 1      000         
150000129                   1283 924393229                        1038   0   602 1      000         
150000579                   1332 923398444                        1076   0   602 1      000         
150000099                   1000 916224097                        1033   0   602 1      000         
150000799                   1101 923166010                        1047   0   602 1      000         
150000019                   1157 912624512                        1091   0   602 1      000         
150000009                   1176 923396917                        1054   0   602 1      000         
150000059                   1236 928939162                        1036   0   602 1      000         
150000009                   1153 925504137                        1065   0   602 1      000         
150000189                   1209 924411674                        1064   0   602 1      000         
150100039                   1293 923367700                        1066   0   602 1      000         
150100009                   1176 923396917                        1070   0   602 1      000         
150100137   9 632        4465104      1027                        1   0224       1      000         
150100327   9 632        6642866      1188                        1   0134       1      000         
150100039                   1554 924441663                        1059   0   602 1      000         
150100009                   1607 924334861                        1081   0   602 1      000         
150100239                   1000 926808270                        1043   0   602 1      000         
150100009                   1176 923396917                        1042   0   602 1      000         
150100217   9 632        6681300      1176                        1   0200       1      000         
150100149                   1203 924443611                        1067   0   602 1      000         
150100187   9 632        5582225      1591                        1   0250       1      000         
150100029                   1407 926604896                        1074   0   602 1      000         
150200039                   1000 924334861                        1061   0   602 1      000         
150200009                   1176 923396917                        1037   0   602 1      000         
150200019                   10003113676016                        1035   0   602 1      000         
150200149                   1323 926602376                        1084   0   602 1      000         
150200039                   1121 919099500                        1078   0   602 1      000         
150200587   9 632        5553056      1474                        1   0044       1      000         
150200009                   1176 923396917                        1056   0   602 1      000         
150200157   9 632     0542663716      1332                 39910  4   0294       1      000         
150200597   9 632        6083100      1433                        1   0064       1      000         
150200057   9 632        4339967      1203                        1   0074       1      000         
150200009                   1546 923319813                        1075   0   602 1      000         
150200019                   1176 924338893                        1069   0   602 1      000         
150200087   9 632        6809461      1151                        1   0054       1      000         
150200319                   1614 924442541                        1053   0   602 1      000         
150200059                   1531 928806675                        1077   0   602 1      000         
150300059                   1587 923336000                        1083   0   602 1      000         
150300129                   1188 926642866                        1052   0   602 1      000         
150300009                   1388 928895234                        1048   0   602 1      000         
150300019                   1176 924338893                        1090   0   602 1      000         
150300089                   1234 928922296                        1034   0   602 1      000         
150300009                   1546 923319813                        1060   0   602 1      000         
150300009                   1176 923396917                        1087   0   602 1      000         
150300869                   1581                                  1002   0   605 1      000         
150300309                   1581 943762499                        1051   0   602 1      000         
150300259                   1833 923277742                        1089   0   602 1      000         
150300229                   1833                                  4009   0   604 1      000         
150300199                   1833                                  4006   0   604 1      000         
150300019                   1176 925563376                        1032   0   602 1      000         
150300027   9 632        3153696      1332                        1   0124       1      000         
150300037   9 632        6688851      1531                        1   0130       1      000         
150300009                   1176 923396917                        1049   0   602 1      000         
150400009                   1176 924338893                        1065   0   602 1      000         
150400059                   1170 926877575                        1033   0   602 1      000         
150400229                   1176 926612042                        1073   0   602 1      000         
150400049                   1440 923307901                        1036   0   602 1      000         
150400327   9 632     0515414030      1261                 34457  4   0014       1      000         
150400089                   1323 926838470                        1076   0   602 1      000         
150400307   9 632        5525444      1049                        1   0034       1      000         
150400219                   1293 923367700                        1057   0   602 1      000         
150400029                   1030 924464347                        1070   0   602 1      000         
150400049                   1597 926642154                        1064   0   602 1      000         
150400067   9 632        8980077      1647                        1   0160       1      000         
150401039                   11469023800190                        1080   0   602 1      000         
150400397   9 632        6906000      1607                        1   0304       1      000         
150400009                   1425 923307901                        1042   0   602 1      000         
150400039                   1080                                  1002   0   634 1      000         
150400059                   1123 925563376                        1081   0   602 1      000         
150400247   9 632        6603660      1026                        1   0084       1      000         
150400129                   1614 923277742                        1054   0   602 1      000         
150500009                   1176 923367700                        1061   0   602 1      000         
150500907   9 632        8959500      1577                        1   0024       1      000         
150500057   9 632        6877575      1170                        1   0194       1      000         
150500029                   1030 924464347                        1037   0   602 1      000         
150500029                   1597 926642154                        1084   0   602 1      000         
150500027   9 632        6693716      1399                        1   0234       1      000         
150500057   9 632        8844273      1503                        1   0204       1      000         
150500209                   1334 924391987                        1085   0   602 1      000         
150500109                   1536 926877575                        1043   0   602 1      000         
150500079                   1000 943762499                        1078   0   602 1      000         
150500059                   1360 928822918                        1086   0   602 1      000         
150500129                   1176 923396917                        1067   0   602 1      000         
150500177   9 632        6688851      1531                        1   0140       1      000         
150500019                   1293 913536510                        1069   0   602 1      000         
150600259                   1000 928802857                        1047   0   602 1      000         
150601489                   1241 926812176                        1062   0   602 1      000         
150600079                   1330 928851558                        1075   0   602 1      000         
150600047   9 632        4291850      1607                        1   0284       1      000         
150600059                   1360 928822918                        1034   0   602 1      000         
150600169                   1600 925523304                        1074   0   602 1      000         
150602637   9 63200519736301463E      1541                 50065  4   0274       1      000         
150600059                   1600 926080041                        1072   0   602 1      000         
150600009                   1081 926877575                        1058   0   602 1      000         
150600037   9 632        6693660      1399                        1   0294       1      000         
150600149                   1518 923277742                        1056   0   602 1      000         
150600269                   1000 916338650                        1066   0   602 1      000         
150600129                   1000 924338893                        1053   0   602 1      000         
150600089                   1618 919055100                        1068   0   602 1      000         
150600119                   1033 925551376                        1083   0   602 1      000         
150600049                   1360 928822918                        1063   0   602 1      000         
150600119                   1000 926642154                        1090   0   602 1      000         
150600139                   1438 923157686                        1052   0   602 1      000         
150603079                   1398 925529640                        1040   0   602 1      000         
150701847   9 632        8980077      1464                        1   0210       1      000         
150700569                   1101 924305832                        1041   0   602 1      000         
150700139                   1000 925912376                        1060   0   602 1      000         
150700097   9 632005525556299922      1432                        1   0010       1      000         
150700069                   1000 924324218                        1065   0   602 1      000         
150700427   9 632        3264891      1600                        1   0104       1      000         
150700039                   1293 924224436                        1088   0   602 1      000         
150700067   9 632        6611898      1525                        1   0024       1      000         
150700399                   1152 924394310                        1039   0   602 1      000         
150700099                   1152 924338893                        1049   0   602 1      000         
150700209                   1254 924482431                        1071   0   602 1      000         
150700419                   1833                                  4006   0   604 1      000         
150700009                   10003153347509                        1047   0   602 1      000         
150800049                   1165 924469062                        1076   0   602 1      000         
150800169                   1000 924332830                        1055   0   602 1      000         
150800137   9 632        5130143      1395                        1   0044       1      000         
150800147   9 632        8933170      1398                        1   0034       1      000         
150800057   9 632        6658537      1040                        1   0144       1      000         
150800099                   1504 926811111                        1085   0   602 1      000         
150800089                   1152 924394310                        1078   0   602 1      000         
150800127   9 632        5241517      1342                        1   0124       1      000         
150800179                   1176 926612042                        1057   0   602 1      000         
150800167   9 632        6827333      1042                        1   0064       1      000         
150800567   9 602     0922418636      1081                        1   0310       1      000         
150900119                   1000 925912376                        1072   0   602 1      000         
150900497   9 632        4395428      1514                        1   0154       1      000         
150900029                   1412 928832745                        1090   0   602 1      000         
150900119                   1833                                  4006   0   604 1      000         
150900159                   1607 925510653                        1042   0   602 1      000         
150900049                   1557                                  1001   0   634 1      000         
150900049                   11183153347509                        1031   0   602 1      000         
150900409                   1833 924445334                        1048   0   602 1      000         
150900309                   1548 923277742                        1029   0   632 1      000         
150900169                   1137 919099500                        1058   0   602 1      000         
150900239                   1833 917442200                        1061   0   602 1      000         
150900119                   1111 924469062                        1063   0   602 1      000         
151000039                   1571                                  1002   0   634 1      000         
151000259                   1375 923319813                        1077   0   602 1      000         
151000199                   1274 925569335                        1074   0   602 1      000         
151000419                   1589 926911216                        1087   0   602 1      000         
151000099                   1106 928933442                        1088   0   602 1      000         
151000327   9 632     0516183750      1237                 70111  4   0074       1      000         
151000099                   14073155815877                        1086   0   602 1      000         
151000057   9 632        5131794      1491                        1   0204       1      000         
151000227   9 632        5584447      1531                        1   0190       1      000         
151000499                   18333163818782                        1044   0   602 1      000         
151000659                   1833 926831744                        1045   0   602 1      000         
151000049                   1434 923331269                        1057   0   602 1      000         
151000267   9 632        3264891      1600                        1   0174       1      000         
151000619                   18333115917142                        1035   0   602 1      000         
151100169                   1833 926678342                        1039   0   602 1      000         
151100007   9 632     0517442200      1423                 34528  4   0214       1      000         
151100129                   1145 924442193                        1032   0   602 1      000         
151100009                   1126  24853030                        1049   0   602 1      000         
151100129                   1570                                  1001   0   634 1      000         
151100009                   1233 924432305                        1031   0   602 1      000         
151100249                   1833 926676857                        1054   0   602 1      000         
151200657   9 632        8823225      1216                        1   0250       1      000         
151200009                   1036 923244443                        1062   0   602 1      000         
151200067   9 632     0517442200      1423                 34528  4   0274       1      000         
151200149                   1000  24058959                        1064   0   602 1      000         
151201319                   1328 928926544                        1079   0   602 1      000         
151200099                   1184 915940403                        1069   0   602 1      000         
151200159                   1409 924468403                        1042   0   602 1      000         
15120020C                   1111 924431774                        1038   0   602 1      000         
151200497   9 632        6612645      1477                        1   0114       1      000         
151200029                   1000 928880827                        1063   0   602 1      000         
151200149                   1000 926658789                        1067   0   602 1      000         
151200049                   1261                                  1002   0   634 1      000         
151200259                   1274 928879800                        1066   0   602 1      000         
151200117   9 632        6540074      1678                        1   0284       1      000         
151300199                   1399 924328101                        1037   0   602 1      000         
151300069                   11183153347509                        1077   0   602 1      000         
151300029                   1150 925551998                        1083   0   602 1      000         
151300099                   1000 928880867                        1068   0   602 1      000         
151300257   9 632     0542686796      1116                 20277  4   0224       1      000         
151400037   9 632        4409514      1028                        1   0054       1      000         
151400009                   1528 926875000                        1051   0   602 1      000         
151400359                   1466 926616150                        1040   0   602 1      000         
151400009                   1028 924409514                        1080   0   602 1      000         
151400299                   1297 924408188                        1071   0   602 1      000         
151400069                      0 917108241                        1086   0   602 1      000         
151400479                   1833 924445334                        1076   0   602 1      000         
151400049                   1183 926803125                        1090   0   602 1      000         
151400019                   1375 923319813                        1045   0   602 1      000         
151400117   9 632        6675749      1469                        1   0064       1      000         
151400009                   1392 926604896                        1057   0   602 1      000         
151400109                   1137 949055100                        1072   0   602 1      000         
151400079                   1156 928854867                        1052   0   602 1      000         
151401139                   1434 928890243                        1091   0   602 1      000         
151500219                   1622 916338650                        1087   0   602 1      000         
151500307   9 632        8980077      1539                        1   0290       1      000         
151500049                   1234 923377932                        1034   0   602 1      000         
151500009                   1375 923319813                        1033   0   602 1      000         
151500059                   1028 924409514                        1032   0   602 1      000         
151500079                   1000 928961803                        1065   0   602 1      000         
151500009                   1590 924387259                        1079   0   602 1      000         
151500109                   1000 917108220                        1039   0   602 1      000         
151500029                   1409 924469062                        1064   0   602 1      000         
151500479                   18333115917142                        1043   0   602 1      000         
151600069                   1382 924454032                        1038   0   602 1      000         
151600097   9 632        6664035      1068                        1   0124       1      000         
151600047   9 632        3309588      1106                        1   0144       1      000         
151600119                   1176 926677907                        1062   0   602 1      000         
151600089                   1020                                  1001   0   624 1      000         
151600199                   1297 924408188                        1035   0   602 1      000         
151600039                   1565                                  1001   0   605 1      000         
151600029                   1313 924405440                        1074   0   602 1      000         
151600209                   1000 924485797                        1049   0   602 1      000         
151600019                   1188 919099500                        1085   0   602 1      000         
151600179                   1000 926658793                        1069   0   602 1      000         
151600019                   1254 928890810                        1077   0   602 1      000         
151700139                   1081 926877575                        1055   0   602 1      000         
151700179                   1590 924387259                        1075   0   602 1      000         
151700077   9 632        6083170      1145                        1   0204       1      000         
151700069                   1493                                  1001   0   622 1      000         
151700089                   1000 943052740                        1078   0   602 1      000         
151700059                   1097 926835742                        1041   0   602 1      000         
151700199                   1607 926642072                        1056   0   602 1      000         
151700097   9 632        6673807      1086                        1   0180       1      000         
151700069                   1581                                  1002   0   605 1      000         
151700009                   1254 928890816                        1053   0   602 1      000         
151700027   9 632        6614121      1503                        1   0214       1      000         
151700047   9 632        3306044      1146                        1   0234       1      000         
151700039                   1279 926653457                        1080   0   602 1      000         
151700019                   1279                                  4003   0   635 1      000         
151800127   9 632  0055112413190      1216                        1   0220       1      000         
151800557   9 632     0515300024      1477                 33719  4   0044       1      000         
151800327   9 632        8932605      1531                        1   0114       1      000         
151800597   9 632     0563204214      1430                 24594  4   0014       1      000         
151800099                   1000 923307772                        1040   0   602 1      000         
151800259                   1274 924472896                        1042   0   602 1      000         
151800197   9 632        5160830      1538                        1   0194       1      000         
151800097   9 632        6614121      1503                        1   0254       1      000         
151900069                   1100 926653457                        1086   0   602 1      000         
151900019                   1163 923361133                        1072   0   602 1      000         
151901239                   1111 925133409                        1036   0   602 1      000         
151900019                   1126 926604831                        1084   0   602 1      000         
151900067   9 632        5130621      1314                        2   0014       1      000         
151900019                   1360 925560500                        1079   0   602 1      000         
151900517   9 632        5241517      1342                        1   0094       1      000         
151900169                   1301 943052740                        1044   0   602 1      000         
151900079                   1279 924381594                        1054   0   602 1      000         
151900367   9 632        5133248      1382                        1   0154       1      000         
151902427   9 632        6818212      1171                        1   0264       1      000         
151900117   9 632        4335648      1424                        1   0294       1      000         
151900009                   1490 924480380                        1039   0   602 1      000         
151900189                   1000 926668123                        1071   0   602 1      000         
151900009                   1176 924338893                        1048   0   602 1      000         
152000067   9 632        8894320      1250                        1   0074       1      000         
152000009                   1176 923367700                        1038   0   602 1      000         
152000319                   1833 926658789                        1051   0   602 1      000         
152000019                   1176 924338893                        1035   0   602 1      000         
152000029                   1495 925542672                        1043   0   602 1      000         
152000069                   1592 943052730                        1064   0   602 1      000         
152000017   9 632        6859500      1302                        1   0104       1      000         
152000009                   1176 924338893                        1074   0   602 1      000         
152000209                   1000 923307772                        1057   0   602 1      000         
152000209                   1000 928802857                        1045   0   602 1      000         
152000159                   1176 925563376                        1091   0   602 1      000         
152000009                   1176 923367700                        1088   0   602 1      000         
152000009                   1163 923361133                        1049   0   602 1      000         
152000069                   1261                                  1001   0   634 1      000         
152000059                   1368 942396124                        1066   0   602 1      000         
152000289                   1000 913320032                        1081   0   602 1      000         
152100009                   1490 924480380                        1069   0   602 1      000         
152100059                   1371 923307772                        1085   0   602 1      000         
152100047   9 632        6675749      1469                        1   0174       1      000         
152100039                   1332 926826862                        1075   0   602 1      000         
152100019                   1460 928981088                        1055   0   602 1      000         
152100009                   1233 924432305                        1037   0   602 1      000         
152101537   9 632   018000510303      1631                        1   0304       1      000         
152100249                   1000 926689566                        1060   0   602 1      000         
152100169                   1000 926668126                        1062   0   602 1      000         
152100029                   1000 926515305                        1052   0   602 1      000         
152100007   9 632        6513472      1494                        1   0284       1      000         
152100069                   1314 923318756                        1040   0   602 1      000         
152100947   9 632        4437691      1148                        1   0034       1      000         
152200109                   1601 924442153                        1068   0   602 1      000         
152200069                   1162 926689566                        1090   0   602 1      000         
152201319                   1091 928920564                        1070   0   602 1      000         
152200137   9 632        4202232      1536                        1   0204       1      000         
152200189                   1293 923390850                        1078   0   602 1      000         
152200017   9 632        6821741      1509                        1   0054       1      000         
152200159                   1309 919099500                        1042   0   602 1      000         
152200009                   1510 926648902                        1058   0   602 1      000         
152300179                   1000 928810721                        1031   0   602 1      000         
152301059                   1323 925585157                        1047   0   602 1      000         
152300177   9 632     0512136347      1115                 79923  4   0224       1      000         
152300139                   1550 923212100                        1036   0   602 1      000         
152300009                   1662 925141146                        1054   0   602 1      000         
152300017   9 632        6914249      1101                        1   0094       1      000         
152300267   9 632        6615601      1416                        1   0194       1      000         
152300157   9 602     0922708057      1491                        1   0324       1      000         
152300189                   1120 926602065                        1086   0   602 1      000         
152300099                   1000 926644906                        1044   0   602 1      000         
152300207   9 632        4445844      1180                        1   0264       1      000         
152300249                   1023 926639255                        1089   0   602 1      000         
152300117   9 632        6653151      1100                        1   0064       1      000         
152300017   9 632        6664035      1068                        1   0114       1      000         
152400239                   1000 926668126                        1072   0   602 1      000         
152400277   9 632        8984458      1648                        1   0214       1      000         
152400197   9 632   019479473047      1171                        1   0034       1      000         
152400447   9 632        6604881      1486                        1   0124       1      000         
152400019                   1097 926835742                        1043   0   602 1      000         
152400029                   1189 923249109                        1035   0   602 1      000         
152400389                   1371 923316641                        1056   0   602 1      000         
152400389                   1833 913320032                        1080   0   602 1      000         
152500009                   1646 923324146                        1077   0   602 1      000         
152500159                   1037  23915251                        1039   0   602 1      000         
152500127   9 632        6914299      1101                        1   0154       1      000         
152500089                   1020                                  1001   0   627 1      000         
152500059                   1371 926676304                        1045   0   602 1      000         
152500129                   1100 926529090                        1051   0   602 1      000         
152500129                   1202 925585157                        1038   0   602 1      000         
152500989                   1203 916338650                        1061   0   602 1      000         
152500057   9 632        6664035      1068                        1   0204       1      000         
152500009                   1254 928890810                        1062   0   602 1      000         
152500009                   1551 924465037                        1033   0   602 1      000         
152500009                   1592 925185600                        1083   0   602 1      000         
152500127   9 632        8897998      1423                        1   0184       1      000         
152500019                   1605 926906127                        1068   0   602 1      000         
152500217   9 632        6083170      1086                        1   0104       1      000         
152500159                   1020                                  1001   0   622 1      000         
152500149                   1833 926668126                        1064   0   602 1      000         
152500049                   1833 924417731                        1034   0   602 1      000         
152500049                   1202 924333089                        1081   0   602 1      000         
15250037A 613         0512189644      1562                        4   0010       1      000         
152500129                   10673155676413                        1088   0   602 1      000         
152500089                   1253 922751985                        1085   0   602 1      000         
152500007   9 632        5534000      1180                        1   0254       1      000         
152600159                   1274 928879800                        1091   0   602 1      000         
152600059                   1375 923319813                        1040   0   602 1      000         
152600039                   1833 924417731                        1058   0   602 1      000         
152600049                   1554 924465037                        1090   0   602 1      000         
152600089                   1100 926653457                        1053   0   602 1      000         
152600109                   1101 926688885                        1037   0   602 1      000         
152600409                   1833 928963085                        1084   0   602 1      000         
152601437   9 632     0517442200      5311                 34528  4   0274       1      000         
152600037   9 632        5583002      1171                        1   0030       1      000         
152600757   9 632     0516151937      1383                 71651  4   0024       1      000         
152600647   9 632        6859500      1302                        1   0144       1      000         
152600009                   1163 923361133                        1047   0   602 1      000         
152600019                   1677 926080108                        1036   0   602 1      000         
152600089                   1176 924472896                        1070   0   602 1      000         
152600127   9 632        6601445      1106                        1   0234       1      000         
152601837   9 632005525556297689      1432                 87143  4   0130       1      000         
152600089                   1020                                  1001   0   626 1      000         
152600859                   1097 926830000                        1076   0   602 1      000         
152600199                   1197 923374368                        1066   0   602 1      000         
152600099                   1833 926080086                        1079   0   602 1      000         
152600059                   1395 928879800                        1031   0   602 1      000         
152600127   9 632        4476401      1503                        1   0224       1      000         
152600007   9 632     0516292169      1486                        1   0074       1      000         
152700009                   1662 925141146                        1071   0   602 1      000         
152700027   9 632        6668266      1539                        1   0114       1      000         
152700049                   1000                                  1001   0   605 1      000         
152700037   9 632        5552334      1205                        1   0104       1      000         
152700087   9 632        5501255      1648                        1   0040       1      000         
152700077   9 632     0513462011      5311                        4   0064       1      000         
152700139                   18333153450649                        1054   0   602 1      000         
152700229                   18333155562744                        1041   0   602 1      000         
152700069                   1202 923355161                        1089   0   602 1      000         
152700139                   1101 926845050                        1078   0   602 1      000         
152700109                   1000 928879800                        1048   0   602 1      000         
152700177   9 632        6612645      1477                        1   0284       1      000         
152800119                   1000 926668123                        1044   0   602 1      000         
152800299                   1291 923358815                        1060   0   602 1      000         
152800049                   1265 914254368                        1049   0   602 1      000         
152800127   9 632        6601445      1106                        1   0094       1      000         
152800099                   1605 926906127                        1057   0   602 1      000         
152800029                   1434 926671190                        1039   0   602 1      000         
152800057   9 632        5585157      1202                        1   0180       1      000         
152800267   9 632        6604400      1358                        1   0264       1      000         
152800019                   1188 919099500                        1045   0   602 1      000         
152800529                   1277 925163633                        1087   0   602 1      000         
152800677   9 632        8935421      1108                        1   0014       1      000         
152900177   9 632        6681300      1176                        1   0170       1      000         
152900237   9 632        5535445      1302                        1   0084       1      000         
152900099                   1291 923358815                        1051   0   602 1      000         
152900009                   1067 926080025                        1062   0   602 1      000         
152900097   9 632        4291850      1407                        1   0194       1      000         
152900019                   1401 926614043                        1033   0   602 1      000         
152900057   9 632        6610229      1424                        1   0284       1      000         
152900049                   1618 919055100                        1083   0   602 1      000         
152900057   9 632        6688550      1539                        1   0260       1      000         
152900029                   1675 926674773                        1081   0   602 1      000         
152900189                   1165 928879800                        1055   0   602 1      000         
152900009                   1288 926080025                        1053   0   602 1      000         
152900059                   13003155502429                        1034   0   602 1      000         
152900149                   1000 926671207                        1065   0   602 1      000         
152900107   9 632        6672113      1202                        1   0250       1      000         
153000397   9 632        8842031      1395                        1   0304       1      000         
153000009                   1475 926900575                        1036   0   602 1      000         
153000009                   1233 924432305                        1076   0   602 1      000         
153000009                   1242 923333723                        1066   0   602 1      000         
153000079                   1145 924388221                        1085   0   602 1      000         
153000107   9 632 00519736301500      1055                        1   0014       1      000         
153000449                   1102 924324218                        1042   0   602 1      000         
153000057   9 632        6643814      1424                        1   0044       1      000         
153000049                   1395 928879800                        1079   0   602 1      000         
153000059                   1401 926614043                        1037   0   602 1      000         
153000269                   1534 926515315                        1056   0   602 1      000         
153000289                   1274 924200523                        1043   0   602 1      000         
153000239                   1152 925533850                        1069   0   602 1      000         
153000009                   1475 926900575                        1072   0   602 1      000         
153000009                   1233 924432305                        1074   0   602 1      000         
153000399                   1057 922751985                        1086   0   602 1      000         
153000109                   1000 928802857                        1090   0   602 1      000         
153000097   9 632        4464405      1270                        1   0064       1      000         
153000029                   1332 926826862                        1035   0   602 1      000         
153000039                   1356 926672857                        1080   0   602 1      000         
153000099                   10003127919119                        1031   0   602 1      000         
153100029                   1401 926614043                        1078   0   602 1      000         
153100079                   1606 924442195                        1044   0   602 1      000         
153100209                   1605 926906127                        1091   0   602 1      000         
153100749                   1833 923307772                        1067   0   602 1      000         
153100177     635       52554357      4357                        1   0034       1      000         
153100257   9 632        3332015      1224                        1   0024       1      000         
153101799                   1154 928961788                        1059   0   602 1      000         
153100179                   1367 928858030                        1040   0   602 1      000         
153200019                   1475 926900436                        1061   0   602 1      000         
153200029                   1605 926906127                        1045   0   602 1      000         
153200409                   1171 926515318                        1075   0   602 1      000         
153200117   9 632        3302031      1617                        1   0304       1      000         
153200097   9 632        4464571      1464                        1   0064       1      000         
153200239                   1000 926600938                        1071   0   602 1      000         
153200089                   1000 924465133                        1028   0   632 1      000         
153200137   9 632        6080108      1431                        1   0014       1      000         
153200059                   1433 928830550                        1068   0   602 1      000         
153200217   9 632        4492083      1503                        1   0154       1      000         
153200089                   1493                                  1001   0   624 1      000         
153201669                   1126 945113183                        1063   0   602 1      000         
153200187   9 632        6083170      1086                        1   0234       1      000         
153200329                   1000 926668126                        1058   0   602 1      000         
153200219                   1000 926550905                        1077   0   602 1      000         
153200039                   1000 926671207                        1083   0   602 1      000         
153300039                   1156 926645753                        1088   0   602 1      000         
153300037   9 632   018000110105      1539                        1   0234       1      000         
153300009                   1662 925141146                        1053   0   602 1      000         
153300189                   10003127919119                        1039   0   602 1      000         
153300059                   1435 916240115                        1055   0   602 1      000         
153300607   9 632        5552334      1205                        1   0144       1      000         
153300009                   1218 928858030                        1085   0   602 1      000         
153300009                   1448 928931198                        1047   0   602 1      000         
153300149                   1000 926603332                        1064   0   602 1      000         
153301177   9 63200513052066934E      1469                 71540  4   0294       1      000         
153300039                   1150 923358815                        1037   0   602 1      000         
153300737   9 632        5535613      1236                        1   0054       1      000         
153300297   9 632        4490355      1214                        1   0264       1      000         
153300307   9 632        5554440      1416                        1   0254       1      000         
153300089                   1428 925143636                        1034   0   602 1      000         
153300019                   1519                                  1002   0   605 1      000         
153400277   9 632     0514165679      1322                 11439  4   0044       1      000         
153400119                   1434 926600938                        1036   0   602 1      000         
153400197   9 632        6676304      1371                        1   0100       1      000         
153400069                   1356 926678869                        1048   0   602 1      000         
153400027   9 632        6845293      1519                        1   0114       1      000         
153400129                   1860                                  1001   0   627 1      000         
153400057   9 632        6675749      1469                        1   0094       1      000         
153400067   9 632        6688550      1539                        1   0070       1      000         
153401769                   1535 926910800                        1073   0   602 1      000         
153400149                   1146 924418941                        1042   0   602 1      000         
153400199                   1833 924449807                        1070   0   602 1      000         
153400069                   1401 926821595                        1090   0   602 1      000         
153500139                   1833 926603332                        1086   0   602 1      000         
153500029                   1242 926603332                        1078   0   602 1      000         
153500089                   10003113395900                        1031   0   602 1      000         
153500409                   1833 926602191                        1049   0   602 1      000         
153500049                   1860                                  1001   0   626 1      000         
153500009                   1163 925586880                        1059   0   602 1      000         
153500417   9 632        6877581      1170                        1   0034       1      000         
153500007   9 632        4422340      1423                        1   0214       1      000         
153500737   9 632        4305832      1101                        1   0204       1      000         
153500897   9 632     0516292169      1486                        1   0124       1      000         
153600009                   1334 926681831                        1033   0   602 1      000         
153600059                   1452 913320032                        1075   0   602 1      000         
153600317     635       52554357      4357                        1   0044       1      000         
153600199                   1293 924224436                        1080   0   602 1      000         
153600119                   1833 925912376                        1057   0   602 1      000         
153600079                   1335 928964496                        1045   0   602 1      000         
153600179                   1833 924396906                        1044   0   602 1      000         
153600009                   1233 924432305                        1088   0   602 1      000         
153600229                   1302                                  1002   0   634 1      000         
153700079                   1452 913320032                        1083   0   602 1      000         
153700097   9 632        6859999      1300                        1   0254       1      000         
153700549                   1514 923386299                        1087   0   602 1      000         
153700107   9 632        6671260      1434                        1   0280       1      000         
153700029                   1589 924310216                        1055   0   602 1      000         
153700149                   1000 924441116                        1077   0   602 1      000         
153700009                   1618 926678000                        1064   0   602 1      000         
153700119                   1860                                  1001   0   624 1      000         
153700019                   1128 924310216                        1074   0   602 1      000         
153800029                   1000 926678869                        1076   0   602 1      000         
153800147   9 632        4412513      1331                        1   0294       1      000         
153800327   9 632        3365469      1143                        1   0164       1      000         
153800089                   1361 928881355                        1079   0   602 1      000         
153800029                   1152 924441116                        1037   0   602 1      000         
153800079                   10003117640019                        1089   0   602 1      000         
153800067   9 632        4202232      1536                        1   0094       1      000         
153800067   9 632        5134907      1106                        1   0134       1      000         
153900857   9 632        2801213      1407                        1   0194       1      000         
153900077   9 632        3180383      1202                        1   0164       1      000         
15:39 09/28
153901099                   1565 925533210                        1052   0   602 1      000         
15:39 09/28
153900037   9 632        4492083      1503                        1   0184       1      000         
153900227   9 632        3351117      1601                        1   0024       1      000         
153900009                   1234 923326940                        1091   0   602 1      000         
153900079                   1833 924441116                        1038   0   602 1      000         
153900079                   1195 922606232                        1056   0   602 1      000         
153900019                   1486 928933164                        1041   0   602 1      000         
153900689                   1211 922748038                        1081   0   602 1      000         
153900009                   1486 928933164                        1068   0   602 1      000         
153900217   9 632        8862000      1300                        1   0074       1      000         
153901127   9 632   019479473047      1171                        1   0224       1      000         
154000009                   1677 926650192                        1057   0   602 1      000         
154000439                   1833 926603332                        1063   0   602 1      000         
154000047   9 632        6906900      1085                        1   0274       1      000         
154000019                   1486 928933164                        1051   0   602 1      000         
154000079                   1581                                  1001   0   627 1      000         
154000087   9 632        6643846      1176                        1   0254       1      000         
154000329                   1678 926540074                        1043   0   602 1      000         
154000779                   1618 919055100                        1065   0   602 1      000         
154000129                   1000 924441116                        1061   0   602 1      000         
154000147   9 632        6542677      1272                        1   0234       1      000         
154000009                   1429 925554224                        1085   0   602 1      000         
154000009                   1486 928933164                        1087   0   602 1      000         
154000109                   1068 924423009                        1033   0   602 1      000         
154000459                   1184 926830563                        1058   0   602 1      000         
154000049                   1392 926820108                        1039   0   602 1      000         
154100159                   1000 914251270                        1062   0   602 1      000         
154100019                   1085 922424142                        1047   0   602 1      000         
154100169                   1120 916240117                        1059   0   602 1      000         
154100097   9 632        3284843      1395                        1   0304       1      000         
154100559                   1833 926827862                        1071   0   602 1      000         
154100207   9 632        4310118      1128                        1   0214       1      000         
154100129                   1101 926840317                        1075   0   602 1      000         
154100687   9 632        3152586      1455                        1   0144       1      000         
154100009                   1607 924334861                        1072   0   602 1      000         
154100219                   1166 926658429                        1031   0   602 1      000         
154100147   9 632   019479473047      1171                        1   0044       1      000         
154100057   9 632        8831722      1046                        1   0114       1      000         
154100147   9 632        8811482      1249                        1   0064       1      000         
154100007   9 632        4424212      1539                        1   0164       1      000         
154100099                   1581                                  1001   0   626 1      000         
154100019                   1144 924494865                        1076   0   602 1      000         
15410024A 614       018000522555      1214                        1   0010       1      000         
154100487   9 632        6672012      1477                        1   0030       1      000         
154200109                   1833 924482549                        1077   0   602 1      000         
154200219                   1253 926689491                        1088   0   602 1      000         
154200079                   1510 985120640                        1034   0   602 1      000         
15:42 09/28
15:42 09/28
154200049                   1335 928841962                        1037   0   602 1      000         
154200029                   13503136560651                        1089   0   602 1      000         
154200227   9 632        5560612      1529                        1   0280       1      000         
154200119                   1279 924445138                        1055   0   602 1      000         
154200129                   14623153381769                        1079   0   602 1      000         
154200087   9 632        8811479      1249                        1   0204       1      000         
154200137   9 632        8980077      1101                        1   0150       1      000         
154200027   9 632     0512738511      1551                 34460  4   0274       1      000         
154200009                   1176 923367700                        1052   0   602 1      000         
154500127   9 632        6681300      1483                        1   0030       1      000         
154500009                   1233 924432305                        1047   0   602 1      000         
154500129                   1000 924441116                        1057   0   602 1      000         
154500009                   1233 924432305                        1059   0   602 1      000         
154500009                   1155 923381827                        1062   0   602 1      000         
154500049                   1233 923329998                        1058   0   602 1      000         
154500017   9 632        6818212      1171                        1   0144       1      000         
154500149                   1000 914106916                        1044   0   602 1      000         
